0.22815542470872 0.371722993779923 0.628819045091017 0.516755314850949 0.319923233037446 0.269614853925506
0.549371722211177 0.886226978445222 0.795772987540766 0.230436174289399 0.4036981731642 0.622171736251047
0.373566192439731 0.498445944879513 0.546636190192086 0.726788693749098 0.521772319619546 0.413120715622851
0.462942627831608 0.446456644399657 0.806004183701436 0.600893598346486 0.26682997848023 0.461637978869049
0.628485481032457 0.845394668153952 0.779065679441619 0.392110318520742 0.623201554362556 0.677077588062121
0.352812663493861 0.854381511109152 0.566408660159801 0.270450316931777 0.545081290476803 0.464182248012469
0.439959598003535 0.584223787723466 0.621810035590853 0.648333354802714 0.46867906506233 0.481732152470784
0.277886645446334 0.741996915685148 0.422875348786509 0.476952886006328 0.46867906506233 0.386126440606396
0.492345747246586 0.766819029589281 0.596768708308783 0.444509488601695 0.496434025733074 0.55916280286617
0.603313044972404 0.819437759842573 0.78743741504994 0.450426054595791 0.26682997848023 0.65416355469881
0.85497617972434 0.871126829051122 0.947669003643294 0.478329638822405 0.319923233037446 0.848686729278103
0.352812663493861 0.682486742383045 0.473663754024449 0.510292861408141 0.698283112315174 0.435077285063061
0.0884322773736215 0.57324576349339 0.347420552803166 0.444509488601695 0.2018490865821 0.185392624594751
0.144837822475266 0.637393805897715 0.480205055308801 0.333350544127444 0.2018490865821 0.248191478592188
0.642859950164724 0.167435676594369 0.962221149841452 0.83958767744871 0.319923233037446 0.488123662175919
0.266488698901142 0.603330929004922 0.449598047342647 0.50382738233351 0.319923233037446 0.349651436390848
0.421597873274435 0.376206040435946 0.460514251481726 0.911087188986152 0.36481294014699 0.418788348530432
0.390352642423204 0.523915405759503 0.660855517750937 0.536947333102861 0.118074146455346 0.427946729024885
0.565408305436841 0.602115901740863 0.870816571867256 0.58252100775109 0.4036981731642 0.575624241972217
0.452002127439642 0.73833253952352 0.575753385593882 0.526275941283384 0.319923233037446 0.524288139119175
0.495083151584636 0.755135721298572 0.603519073704786 0.441387254138222 0.496434025733074 0.558428647467403
0.207387041014132 0.424746569753758 0.489000785037095 0.544466094486397 0.931474966876079 0.265592489187105
0.132470287479013 0.656775276709932 0.498727025542869 0.316454961957519 0.26682997848023 0.239468981829805
0.25126302793699 0.498445944879513 0.518993939847745 0.517331894783378 0.26682997848023 0.315731723189751
0.487356880453005 0.654001227020625 0.627263686034973 0.556193946758306 0.937358130124659 0.531635785040962
0.153133353580989 0.614184507589709 0.648925451739055 0.410960703075867 0.2018490865821 0.253394223204718
0.280440273927898 0.49707845750386 0.423884157050868 0.589469731164572 0.521772319619546 0.339659609915553
0.198468814392151 0.707861594002956 0.433608876372614 0.377226444833206 0.26682997848023 0.309685696913673
0.449447302318186 0.727205856159626 0.64233234007856 0.442792966045533 0.788602298099775 0.517679363096905
0.368200930255578 0.44751135491587 0.515791147359709 0.844530840887585 0.26682997848023 0.398515278943742
0.153133353580989 0.625679123524625 0.572643502517794 0.296331401117797 0.26682997848023 0.252974266065406
0.447349363782868 0.395373415284282 0.78743741504994 0.680149268632006 0.4036981731642 0.438085164818206
0.460150853422373 0.201059969068456 0.779065679441619 0.772574418430115 0.26682997848023 0.385937858523188
0.0884322773736215 0.49707845750386 0.0373257678257802 0.853024314916257 0.118074146455346 0.178806920298443
0.311611525000319 0.714837507477422 0.727196240713884 0.267165800130043 0.319923233037446 0.402877781045377
0.277886645446334 0.547266103390774 0.693287911959899 0.3869329885847 0.319923233037446 0.34442270948286
0.368200930255578 0.340027725957817 0.718558437432059 0.652342908678328 0.684736173184436 0.366466986124738
0.25126302793699 0.670488496436766 0.666200078262235 0.369584264854947 0.319923233037446 0.347629768933288
0.0916174754789876 0.417870916906708 0.183232963241322 0.762375886269228 0.118074146455346 0.167720856046041
0.630775594414434 0.895977438608419 0.739510050746562 0.298031612085349 0.4036981731642 0.687571622444608
0.780056397173005 0.902102485245118 0.900980870642565 0.3869329885847 0.437997379492792 0.800541049244852
0.67511546902434 0.224977500413765 0.985731027184377 0.842925881569981 0.36481294014699 0.533332752857165
0.649660786200866 0.22624519413404 0.959472314574549 0.842925881569981 0.46867906506233 0.517859320666962
0.198468814392151 0.726184362986657 0.442951985904574 0.272348996144408 0.46867906506233 0.310399318236531
0.207387041014132 0.355396146786924 0.648925451739055 0.539604794908534 0.26682997848023 0.250276725142996
0.234728502718762 0.697256538527763 0.615732291886076 0.327848568499301 0 0.337867860451477
0.55177524756684 0.653116370687748 0.80324434050924 0.56159096074757 0.319923233037446 0.578530947199992
0.432226256361814 0.547266103390774 0.449598047342647 0.829533736291643 0.586753211517676 0.470478676991839
0.115937919844239 0.525392369836102 0.0545004193004676 0.858051227825109 0.2018490865821 0.210392574266793
0.0585090113697637 0.597645221923549 0.251696441685275 0.481079819410023 0.26682997848023 0.157129414917689
0.29708270843399 0.645104653921303 0.480205055308801 0.333350544127444 0.46867906506233 0.378858827195199
0.460150853422373 0.348784045971904 0.575753385593882 0.947488508568826 0.26682997848023 0.438167714419665
0.198468814392151 0.494337689680483 0.537149042119501 0.583297681218037 0.26682997848023 0.273397628458477
0.393001385852599 0.814324270457343 0.603519073704786 0.321658535205237 0.319923233037446 0.489685509019406
0.535118574794663 0.30492797469444 0.884369444982684 0.716046138132656 0.841695552656992 0.4705350710664
0.242581485738287 0.314809667470641 0.575753385593882 0.634295103688068 0.36481294014699 0.268872899845457
0.311611525000319 0.816260155718505 0.584125121202203 0.277000460960305 0.118074146455346 0.423293073997314
0.314390792806178 0.350353397987044 0.509369570614745 0.77231697770369 0.4036981731642 0.332905550377877
0.135570949469596 0.64893054717601 0.470384769325438 0.302613745101595 0.4036981731642 0.240811898097577
0.373566192439731 0.376206040435946 0.633003644645331 0.677157552040176 0.26682997848023 0.380699825269642
0.277886645446334 0.894208610859752 0.575753385593882 0.287291915879379 0.437997379492792 0.40999225634915
0.624355179064353 0.803540398942434 0.884369444982684 0.50382738233351 0.521772319619546 0.667244700731246
0.637854636531914 0.608575051444975 0.969836321646467 0.601442465711195 0.26682997848023 0.628978774846431
0.877369775336505 0.646382134777621 0.997111814375965 0.743029461694908 0.711227762345545 0.808242096682149
0.234728502718762 0.32552856733483 0.603519073704786 0.476952886006328 0.319923233037446 0.262967513844198
0.888969218679727 0.872918140574756 0.828759808425298 0.494764682501049 0.4036981731642 0.873537400083397
0.223024705300304 0.585327567388246 0.603519073704786 0.334515354659368 0 0.30680399048777
0.55177524756684 0.674060408020488 0.795772987540766 0.535617049943931 0.437997379492792 0.583159483649109
0.444582112743638 0.393293230558466 0.64233234007856 0.656756347040698 0.906676444555122 0.43509621412964
0.537300828234064 0.563116237285473 0.869215840103082 0.52225691576997 0.26682997848023 0.543831840025367
0.207387041014132 0.605755529547699 0.5936925367167 0.498093258950575 0.319923233037446 0.301098311899042
0.266488698901142 0.57979412413207 0.439620351736068 0.590615562657308 0.711227762345545 0.34648889492896
0.484856729079311 0.764586588126253 0.769814625618977 0.318303206472049 0.26682997848023 0.549254880075783
0.190400621330346 0.311575840458562 0.302122433927708 0.848105708950919 0 0.231548478812505
0.432226256361814 0.540323606359497 0.379678054001531 0.646810023703588 0.757920612530239 0.465142750344621
0.882675380418372 0.650455408075186 1 0.754106071376341 0.723621406201646 0.813348469226564
0.460150853422373 0.58670524939016 0.413772263006822 0.640285896335069 0.36481294014699 0.49702453474814
0.33563442461137 0.360762993558929 0.629984742228822 0.610685678229942 0.545081290476803 0.348190909639331
0.181389035392292 0.540323606359497 0.379678054001531 0.515986238685508 0.26682997848023 0.266829978480317
0.0947964827192269 0.547266103390774 0.515791147359709 0.312752461584589 0.2018490865821 0.185461690115073
0.135570949469596 0.599138171156095 0.379678054001531 0.430414263264654 0.26682997848023 0.235064560338627
0.29708270843399 0.667766723351403 0.410389822121405 0.430414263264654 0.26682997848023 0.38592971809958
0.254434749655842 0.646382134777621 0.430596101317129 0.573491473346577 0.26682997848023 0.349877636849992
0.30882752652357 0.619490274901265 0.449598047342647 0.544466094486397 0.4036981731642 0.387702476954794
0.0979693231132182 0.609780396050414 0.273624882558049 0.47189527575898 0.26682997848023 0.201156754056856
0.370885761308528 0.463204622151852 0.480205055308801 0.835870893009272 0.319923233037446 0.40431810669114
0.439959598003535 0.609780396050414 0.505828573317565 0.720430894779575 0.545081290476803 0.489452743620357
0.473054553147575 0.197144884608383 0.784650870116541 0.777715100393593 0.26682997848023 0.392865892890964
0.580345383773828 0.196556688660224 0.939965671931872 0.850320834781373 0.4036981731642 0.462151165204336
0.338646829952185 0.617769806621212 0.566408660159801 0.499755117592425 0.118074146455346 0.409713446070723
0.266488698901142 0.647657431906516 0.480205055308801 0.42095240096978 0.26682997848023 0.356852719901563
0.558247178803794 0.680054788598002 0.849633161686188 0.453842089834947 0.26682997848023 0.587153804425332
0.573249499714842 0.731950801029833 0.621810035590853 0.535617049943931 0.2018490865821 0.613193963110372
0.277886645446334 0.442227150655785 0.259033644559427 0.886822796484718 0.319923233037446 0.330151200022904
0.352812663493861 0.377739080362911 0.718558437432059 0.622109545411855 0.36481294014699 0.365244625974322
0.0190713271469676 0.475401572773192 0 0.69354751602414 0.26682997848023 0.0924525567255319
0.355522852531852 0.783335160479631 0.449598047342647 0.242767359815533 0.319923233037446 0.451105302497777
0.412142953769323 0.791764036898807 0.657879908786519 0.255315097077118 0.886585259766536 0.497719722814734
0.495083151584636 1 0.727196240713884 0 0.36481294014699 0.587119112294704
0.473054553147575 0.559002654336361 0.593384649674797 0.735886762941847 0.2018490865821 0.501472054960068
0.138665744546568 0.651723729829473 0.480205055308801 0.302613745101595 0.26682997848023 0.244175521943926
0.370885761308528 0.351920683252684 0.693287911959899 0.790626875606648 0.46867906506233 0.374132133179154
0.242581485738287 0.602115901740863 0.379678054001531 0.604731970790662 0.566662026729089 0.331843159898852
0.26934564060604 0.697256538527763 0.629984742228822 0.237528677678914 0.437997379492792 0.36420720540549
0.363357100327793 0.767667173042791 0.584125121202203 0.400270077335049 0.437997379492792 0.458745017963979
0.521963554468068 0.280249653176992 0.666793005607833 0.817039264178356 0.7981509134179 0.455409119797978
0.288359494635644 0.688769994263833 0.420519409849518 0.42095240096978 0.319923233037446 0.382923083728764
0.615370249124316 0.174472406251939 0.978178445993016 0.815390316309443 0.319923233037446 0.473896705343996
0.327390462046405 0.401490890403365 0.546636190192086 0.840701137300727 0 0.356738270016524
0.432226256361814 0.49707845750386 0.75373032166589 0.577968935004658 0.26682997848023 0.452690979378055
0.500544254187986 0.646382134777621 0.836919152637107 0.453842089834947 0.319923233037446 0.536844528928278
0.115937919844239 0.582842018994292 0.327379947102377 0.513291741504149 0 0.215223824018028
0.521963554468068 0.44751135491587 0.566408660159801 0.940503379093924 0.4036981731642 0.50998998475257
0.33563442461137 0.613785138262645 0.748623087901037 0.376350143911343 0.26682997848023 0.403563069971973
0.421597873274435 0.614184507589709 0.515791147359709 0.718970559696278 0.698283112315174 0.476761616097704
0.358228558211249 0.720249687354213 0.727196240713884 0.302613745101595 0.26682997848023 0.442009527879261
0.352812663493861 0.711010040837764 0.566408660159801 0.327848568499301 0.4036981731642 0.43654462117872
0.449447302318186 0.58670524939016 0.575753385593882 0.673205901376253 0.36481294014699 0.48986409804358
0.210644911862592 0.622129816710995 0.486073327538508 0.362562401316778 0.2018490865821 0.304151582089602
0.66922479037664 0.803738539798626 0.861192202634256 0.506311216913503 0.4036981731642 0.699908053208693
0.628485481032457 0.780547675326381 0.718558437432059 0.494764682501049 0.496434025733074 0.664300786947012
0.385042252335565 0.443286122917709 0.779065679441619 0.499755117592425 0.605547259746299 0.403061493031846
0.662504983429749 0.44543287808601 0.877206253305053 0.814403771331222 0.723621406201646 0.603079138913809
0.260759800889295 0.578822029065326 0.430596101317129 0.585166003286478 0.319923233037446 0.341567079540299
0.283353832854996 0.70816210186109 0.427722411983278 0.42095240096978 0.746930377058902 0.382711290874545
0.393001385852599 0.424746569753758 0.639027317496929 0.713383220658791 0.36481294014699 0.408287582456784
0.368200930255578 0.667766723351403 0.836919152637107 0.318303206472049 0.26682997848023 0.438931995068347
0.201446962902872 0.800559042188916 0.460514251481726 0.282668434041462 0.319923233037446 0.326287760238975
0.55177524756684 0.844472889416992 0.824667162074514 0.303122112950522 0.4036981731642 0.617175387450853
0.355522852531852 0.51828149453077 0.621810035590853 0.550340087468113 0.496434025733074 0.400974160760261
0.0497180744760128 0.534204909280787 0.489000785037095 0.32333373080385 0.26682997848023 0.135855454666223
0.492345747246586 0.464821434705144 0.820565817212723 0.613230927249256 0.26682997848023 0.48764272502384
0.368200930255578 0.561841679646578 0.603519073704786 0.460066522921287 0.521772319619546 0.418725472858488
0.424456176617191 0.58849284592768 0.639027317496929 0.593476782585796 0.586753211517676 0.470107572396647
0.26934564060604 0.576038460624609 0.439620351736068 0.582290814432569 0.825050640944656 0.347839348064535
0.303245272947218 0.401490890403365 0.265248406875047 0.91925680923242 0.879567891866158 0.340052882711053
0.0979693231132182 0.693325337223083 0.46381003713525 0.272348996144408 0.319923233037446 0.210133537012977
0.368200930255578 0.696033693005525 0.420519409849518 0.450181790424235 0.319923233037446 0.448598293480858
0.126251273483817 0.604544137819937 0.273624882558049 0.523597642079195 0.2018490865821 0.228824116616136
0.587410615970289 0.149315257796999 0.969836321646467 0.805463055164204 0.319923233037446 0.445028281369668
0.327390462046405 0.252673414520018 0.639027317496929 0.712450217753394 0.319923233037446 0.31374826203346
0.204419698563453 0.64023027813604 0.439620351736068 0.410960703075867 0.768511113311189 0.303286936628641
0.344655047031349 0.545824164882406 0.612686226484739 0.604731970790662 0.118074146455346 0.400342090628854
0.0979693231132182 0.614184507589709 0.436616954972485 0.453842089834947 0 0.20154454707717
0.400921976199168 0.563116237285473 0.439620351736068 0.579410777028545 0.319923233037446 0.446199123245638
0.190400621330346 0.574503607833384 0.657879908786519 0.382571869465679 0.319923233037446 0.278407250367904
0.234728502718762 0.334743198125928 0.666793005607833 0.558967516643606 0.2018490865821 0.266643672145233
0.539722144309419 0.480053621110881 0.609635345167719 0.886822796484718 0.46867906506233 0.53069618827964
0.4132542940896 0.645104653921303 0.639027317496929 0.404586293227935 0.521772319619546 0.470530955030061
0.33563442461137 0.419675900800694 0.569528599450695 0.610402638491829 0.496434025733074 0.363377233610181
0.600751052876875 0.160817310556704 0.969836321646467 0.813851057119525 0.319923233037446 0.458689940981005
0.376242238046829 0.480053621110881 0.615732291886076 0.781688513199535 0.26682997848023 0.411545721775119
0.47053242664905 0.22624519413404 0.820565817212723 0.725598407877344 0.36481294014699 0.401059401343755
0.26934564060604 0.764480062091256 0.470384769325438 0.369584264854947 0.36481294014699 0.380794909263089
0.0979693231132182 0.592466771303422 0.525383621285545 0.268895280557187 0.118074146455346 0.194775918648082
0.577983507969616 0.726184362986657 0.686844894184367 0.513291741504149 0.36481294014699 0.61461835592162
0.242581485738287 0.699391156669377 0.639027317496929 0.32968453051676 0.319923233037446 0.344942806952018
1 0.867520544781055 0.945104641762846 0.602174014582289 0.639846466074892 0.952494354308684
0.126251273483817 0.55043020400976 0.566408660159801 0.348266462308657 0.586753211517676 0.216642888404012
0.26934564060604 0.377739080362911 0.427243047422112 0.838349647836065 0.319923233037446 0.307562366890399
0.217141250358486 0.287603753490278 0.327379947102377 0.912273616109834 0.26682997848023 0.247042403965907
0.515346153491862 0.745088712670577 0.76643957966712 0.360695939209218 0.886585259766536 0.568812084212864
0.649660786200866 0.917779760472586 0.877206253305053 0.142275918953986 0.545081290476803 0.699645957425395
0.615370249124316 0.130356708694484 0.92923996704051 0.826276138695823 0.319923233037446 0.453280797806596
0.190400621330346 0.54162940582454 0.476937176405789 0.486110343741825 0.2018490865821 0.274206238188287
0.25126302793699 0.398486479243616 0.369331208670054 0.840701137300727 0 0.298778281477765
0.0585090113697637 0.593969147967475 0.336898814461095 0.455237591840296 0 0.156251508754254
0.245480456206878 0.721395309555346 0.171774010144094 0.517331894783378 0.26682997848023 0.355803715430747
0.300166893081837 0.707861594002956 0.498727025542869 0.433242630086944 0.26682997848023 0.396648836331514
0.529284957517543 0.632469389839672 0.590303074393507 0.692333827632999 0.566662026729089 0.560084256589188
0.33563442461137 0.57324576349339 0.718558437432059 0.40139014412284 0.319923233037446 0.3952135571623
0.0497180744760128 0.548849556113747 0.430596101317129 0.362562401316778 0.26682997848023 0.138457250573923
0.0916174754789876 0.564388932443982 0.420519409849518 0.430414263264654 0.2018490865821 0.187029640765341
0.540931459492201 0.723109866110403 0.693287911959899 0.47189527575898 0.26682997848023 0.585661968935346
0.184398417492782 0.597645221923549 0.460514251481726 0.439823993822343 0.4036981731642 0.278714822756284
0.437385878022908 0.202427694021447 0.784650870116541 0.76599752726013 0.319923233037446 0.371575776428216
0.277886645446334 0.709962248999896 0.584125121202203 0.318303206472049 0.319923233037446 0.376008849883462
0.223024705300304 0.605755529547699 0.627944309884622 0.426103789918776 0.319923233037446 0.312825043350569
0.454552968116053 0.83613100959581 0.683615300073087 0.235203042318997 0.319923233037446 0.539281650729161
0.277886645446334 0.432551132882612 0.629984742228822 0.583297681218037 0.26682997848023 0.322873666354545
0.465476476069119 0.800658700270392 0.779065679441619 0.277000460960305 0.319923233037446 0.541354138080977
0.33563442461137 0.419675900800694 0.767002497416463 0.529543724422346 0.36481294014699 0.361784053920585
0.537300828234064 0.728225682042693 0.693287911959899 0.47189527575898 0.26682997848023 0.584233740781674
0.432226256361814 0.596285629927115 0.627263686034973 0.643065167535656 0.521772319619546 0.478831278458577
0.385042252335565 0.692249201154277 0.718558437432059 0.224591875684013 0.521772319619546 0.45424527086061
0.324909148735825 0.359034422696492 0.603519073704786 0.548433254866873 0.2018490865821 0.338835327382895
0.492345747246586 0.719101995375499 0.603519073704786 0.430414263264654 0.521772319619546 0.547655759321404
0.507961948127044 0.566928740767012 0.820565817212723 0.548433254866873 0.319923233037446 0.52455237908132
0.363357100327793 0.555869077855618 0.572643502517794 0.684220454769304 0.36481294014699 0.418431618572562
0.368200930255578 0.602115901740863 0.509369570614745 0.548433254866873 0.36481294014699 0.430011351325166
0.558247178803794 0.91013673959483 0.769814625618977 0.284519329036603 0.26682997848023 0.636336836985442
0.282989921693146 0.54769823244003 0.412758153130952 0.556193946758306 0.919339599468146 0.352133389839156
0.393001385852599 0.51530261352763 0.518993939847745 0.737332711039337 0.319923233037446 0.43186641385666
0.385042252335565 0.55200804956517 0.509369570614745 0.777715100393593 0 0.43562427517905
0.174597612305066 0.515712769285777 0.358928584927188 0.667740301781186 0.639846466074892 0.25882367341502
0.0585090113697637 0.707861594002956 0.161402448431397 0.428683508173009 0.319923233037446 0.171280793212952
0.0366069925644111 0.542933320112626 0.423884157050868 0.362562401316778 0.319923233037446 0.121587398347203
0.272197600718689 0.605755529547699 0.306057276767007 0.362562401316778 0.521772319619546 0.351596542225607
0.319935200522843 0.471196187610491 0.161402448431397 0.853024314916257 0.319923233037446 0.36853351295845
0.33563442461137 0.554583940438415 0.566408660159801 0.548433254866873 0.26682997848023 0.394319258460011
0.608425021235491 0 0.877206253305053 0.94271842932021 0.437997379492792 0.329727249802782
0.162301531791756 0.702815934930795 0.489000785037095 0.308197486004791 0.26682997848023 0.274735551621396
0.311611525000319 0.432551132882612 0.489000785037095 0.637362785690918 0.26682997848023 0.349273357252994
0.376242238046829 0.55200804956517 0.736653378084135 0.56159096074757 0.118074146455346 0.424734367631639
0.28553560113342 0.417870916906708 0.480205055308801 0.625900583096924 0.26682997848023 0.325974036189491
0.271912628384109 0.494337689680483 0.449598047342647 0.70804489709429 0.26682997848023 0.334515814220989
0.263626758170583 0.763627135434067 0.470384769325438 0.298031612085349 0.521772319619546 0.373951377609573
0.344655047031349 0.775243282670618 0.651914890030284 0.292925892958781 0.437997379492792 0.442392246703388
0.704823545033024 0.91013673959483 0.736653378084135 0.352715952734743 0.26682997848023 0.747130914451358
0.280440273927898 0.725161201161993 0.183232963241322 0.517331894783378 0.118074146455346 0.38582735427917
0.25126302793699 0.750570249793699 0.460514251481726 0.372840437005956 0.319923233037446 0.362996959161383
0.434808101744329 0.525392369836102 0.64233234007856 0.516285365015349 0.521772319619546 0.460390061543824
0.56336546658988 0.090547559054672 0.928352705903636 0.815508663420245 0.319923233037446 0.400670571563228
0.430675190612385 0.639096963871254 0.80324434050924 0.46312397015895 0.2018490865821 0.483717931588355
0.858962044278117 0.820109143743218 0.947669003643294 0.56159096074757 0.841695552656992 0.84033858100003
0.190400621330346 0.539015920355705 0.430596101317129 0.52225691576997 0.2018490865821 0.27436201613718
0.746021419024637 0.432551132882612 0.98069925893289 0.790626875606648 0.319923233037446 0.654072868101718
0.368200930255578 0.49996311270435 0.639027317496929 0.70951460025829 0.995264827763323 0.409184599188136
0.558247178803794 0.55200804956517 0.955341705724297 0.570306783572358 0.319923233037446 0.556855638302357
0.662504983429749 0.956568014407057 0.761365916715164 0.186924840299531 0.26682997848023 0.720478738121572
0.468006404972918 0.614184507589709 0.489000785037095 0.746505626845729 0.437997379492792 0.511837773147415
0.22595851543256 0.614184507589709 0.575753385593882 0.510292861408141 0.2018490865821 0.318624528507391
0.22595851543256 0.632469389839672 0.489000785037095 0.358138523182626 0.2018490865821 0.318922502317696
0.277886645446334 0.535811403980118 0.537149042119501 0.517331894783378 0 0.34477454647514
0.410638172754179 0.377739080362911 0.702039319390606 0.632735911894665 0.319923233037446 0.406477449098486
0.311611525000319 0.558718245001249 0.518993939847745 0.586458260776584 0.2018490865821 0.37751458889386
0.288359494635644 0.402990063267795 0.603519073704786 0.655102643908966 0.36481294014699 0.325033072281799
0.288359494635644 0.42327688699434 0.546636190192086 0.539604794908534 0.26682997848023 0.32778972263251
0.217141250358486 0.411282055208137 0.480205055308801 0.576525874694163 0.948779463641002 0.270965115020859
0.190400621330346 0.617769806621212 0.502281066286596 0.508791444365635 0.26682997848023 0.288955436232041
0.242581485738287 0.33085319064392 0.358928584927188 0.894390083322931 0.2018490865821 0.276703268461248
0.462942627831608 0.622129816710995 0.528570545265169 0.740220939805851 0.26682997848023 0.509916184100138
0.446888480284718 0.624497816098029 0.379678054001531 0.819545481923366 0.655591201873459 0.500134966332008
0.198468814392151 0.504651217193564 0.470384769325438 0.453842089834947 0.319923233037446 0.273131810056631
0.415866237650423 0.377739080362911 0.75373032166589 0.634295103688068 0.26682997848023 0.410174357408195
0.0300118275389358 0.599138171156095 0.436616954972485 0.29939056324188 0.2018490865821 0.118759438523936
0.311611525000319 0.73397326786238 0.666793005607833 0.266646614299671 0.4036981731642 0.406722589833628
0.478087168534077 0.659288032220564 0.75373032166589 0.382571869465679 0.46867906506233 0.521524009023619
0.311611525000319 0.242846860712694 0.629984742228822 0.712450217753394 0.319923233037446 0.299889167572492
0.373566192439731 0.502990310610232 0.55701846143022 0.813021650267418 0.319923233037446 0.415799145575803
0.245480456206878 0.636100986644557 0.372786325136642 0.408095162511234 0.995264827763323 0.337014890452125
0.0497180744760128 0.594923783218098 0.388943016200688 0.324840003230631 0.2018490865821 0.144040671169949
0.207387041014132 0.571705883552408 0.420519409849518 0.675659726188982 0.26682997848023 0.297684712219716
0.405655984453939 0.586842892831148 0.546636190192086 0.545789505459908 0.36481294014699 0.454653372574545
0.385042252335565 0.259808989656812 0.395777385062625 0.95652667461925 0.2018490865821 0.359328672812619
0.492345747246586 0.397106752318125 0.648925451739055 0.948533818267393 0.319923233037446 0.474853287493984
0.587410615970289 0.18474154455131 0.947669003643294 0.831773065864029 0.26682997848023 0.461281126171059
0.178374106040553 0.705284930720352 0.336898814461095 0.444509488601695 0.26682997848023 0.292727694087115
0.558247178803794 0.130356708694484 0.939965671931872 0.786418904044683 0.26682997848023 0.417837610285261
0.261421852592403 0.50162924863304 0.439620351736068 0.70804489709429 0.2018490865821 0.327872881787929
0.242581485738287 0.625679123524625 0.439620351736068 0.622109545411855 0.36481294014699 0.336853153046502
0.260759800889295 0.589453811895648 0.515791147359709 0.515986238685508 0.2018490865821 0.342415836521991
0.780056397173005 0.88375003529539 0.939965671931872 0.403148766280055 0.26682997848023 0.796426476372751
0.57629436322566 0.42327688699434 0.931456336699031 0.721757389429451 0.26682997848023 0.535940054441866
0.22595851543256 0.546112738281234 0.388943016200688 0.534137741253905 0.886585259766536 0.305599735971865
0.465476476069119 0.84357525904694 0.674779744201378 0.272348996144408 0.319923233037446 0.550631870418211
0.492345747246586 0.644081095697182 0.629984742228822 0.563192195003749 0.521772319619546 0.53304840670538
0.26934564060604 0.772939260490242 0.489000785037095 0.370887478787591 0.118074146455346 0.382436118439612
0.198468814392151 0.605755529547699 0.612686226484739 0.399661733317193 0.2018490865821 0.291518683152689
0.29708270843399 0.445752912627081 0.612686226484739 0.539604794908534 0.496434025733074 0.339676497038148
0.537300828234064 0.746110539918625 0.808760085385312 0.331351875934612 0.521772319619546 0.584329723535898
0.509018877863466 0.339399825861495 0.84693505997277 0.723082854591721 0.521772319619546 0.464461966618671
0.408017860258154 0.509316506776707 0.636017831498517 0.6815074092808 0.26682997848023 0.440349286285721
0.25126302793699 0.639972855861147 0.486073327538508 0.409528533787866 0.521772319619546 0.342581041851956
0.613058448442347 0.832596638973726 0.593384649674797 0.408811998524216 0.437997379492792 0.663216849094457
0.0788392955621252 0.612719171865082 0.460514251481726 0.318303206472049 0.26682997848023 0.179144331111188
0.393001385852599 0.766819029589281 0.593384649674797 0.434655058927633 0.545081290476803 0.482801973644226
0.344655047031349 0.597645221923549 0.456882373886105 0.678654065421819 0.26682997848023 0.413598096386003
0.272197600718689 0.754810794445592 0.362402360898697 0.453842089834947 0.2018490865821 0.383340579027737
0.352812663493861 0.44751135491587 0.480205055308801 0.835870893009272 0.2018490865821 0.387037952486889
0.106505375188292 0.660666356027568 0.10274498291927 0.531175274291051 0.118074146455346 0.218625599708571
0 0.472599936839248 0.340412438940697 0.433242630086944 0.788602298099775 0.0407157519348674
0.370885761308528 0.680298367722237 0.480205055308801 0.327848568499301 0.521772319619546 0.444014688986807
0.373566192439731 0.273038974636134 0.492248315307211 0.923857192527092 0.26682997848023 0.355109635846636
0.315778657726279 0.819437759842573 0.489000785037095 0.200113027654732 0.807396346328399 0.424789286232709
0.55177524756684 0.653116370687748 0.808760085385312 0.56159096074757 0.26682997848023 0.578530947199992
0.478087168534077 0.535707171939331 0.78743741504994 0.625900583096924 0.319923233037446 0.496778418049747
0.393001385852599 0.611251135514103 0.546636190192086 0.539604794908534 0.437997379492792 0.450735542138282
0.376242238046829 0.695948690367108 0.603519073704786 0.476952886006328 0.36481294014699 0.455483869256612
0.387699602571109 0.593969147967475 0.64233234007856 0.533989739886692 0.566662026729089 0.442592835227812
0.141754694870163 0.39998969618257 0.657879908786519 0.399661733317193 0.26682997848023 0.204204413744172
0.47053242664905 0.561841679646578 0.670219942071924 0.622109545411855 0.36481294014699 0.497952634408111
0.558247178803794 0.633898146962373 0.376235266235399 0.75835723360843 0.26682997848023 0.582843231015639
0.429640329008616 0.641644533272469 0.388943016200688 0.704432072622632 0.26682997848023 0.489008152981608
0.210644911862592 0.597645221923549 0.413772263006822 0.663766775860243 0.2018490865821 0.30527492513925
0.0398946292697159 0.547266103390774 0.420519409849518 0.362562401316778 0.26682997848023 0.126320685037146
0.242581485738287 0.351920683252684 0.528570545265169 0.678518072924566 0.437997379492792 0.278657376085084
0.26934564060604 0.777121277221788 0.483141422141276 0.389028821489067 0.319923233037446 0.3836793174854
0.303245272947218 0.717952231751178 0.470384769325438 0.3869329885847 0.26682997848023 0.400052515509954
0.947724293292641 0.684395909882188 0.993254163540021 0.798251271197356 0.990451384681875 0.868755296124417
0.302965659524847 0.548705721805502 0.590303074393507 0.434655058927633 0.788602298099775 0.365390325012197
0.213896306411601 0.622129816710995 0.476937176405789 0.491884772899946 0.319923233037446 0.309623192836606
0.257600332734636 0.659288032220564 0.596768708308783 0.425216727219844 0.319923233037446 0.35196852821666
0.650149845807633 0.183305034428316 0.856260290676781 0.892614085293589 0.319923233037446 0.500803382543114
0.515346153491862 0.642799679424058 0.347420552803166 0.727978150634688 0.118074146455346 0.553316904545534
0.432226256361814 0.649312056573546 0.736653378084135 0.448715471294631 0.46867906506233 0.486904214563441
0.521963554468068 0.450382431302886 0.566408660159801 0.959067276823437 0.4036981731642 0.511152331465595
0.599351909326886 0.731207565808328 0.820565817212723 0.534137741253905 0.36481294014699 0.631944623711715
0.51755492993854 0.460053475877195 0.651914890030284 0.768837724382227 0.757920612530239 0.507223634342068
0.245480456206878 0.411612441401786 0.566408660159801 0.589326448159676 0.26682997848023 0.293344248828919
0.548890593009235 0.139315311155224 0.947669003643294 0.771415629439018 0.437997379492792 0.416090351461242
0.580345383773828 0.05534340432745 0.869215840103082 0.902639772963348 0.46867906506233 0.389808121352781
0.33563442461137 0.27285355954243 0.528570545265169 0.794062066391065 0.118074146455346 0.326791894178815
0.439959598003535 0.231419071367962 0.78743741504994 0.761080579589114 0.26682997848023 0.383502229326926
0.314390792806178 0.18474154455131 0.629984742228822 0.751985820606373 1 0.284032632573164
0.51755492993854 0.777121277221788 0.736653378084135 0.358138523182626 0.684736173184436 0.577877636791881
0.534390509476521 0.74420696669191 0.795772987540766 0.382571869465679 0.995264827763323 0.583350222807134
0.368200930255578 0.740777921086494 0.745210740360971 0.354267016211107 0.545081290476803 0.455664112553109
0.25126302793699 0.690091789605758 0.577849726952752 0.286137218319506 0.26682997848023 0.349288070043489
0.207387041014132 0.589453811895648 0.537149042119501 0.439823993822343 0.118074146455346 0.296837318219298
0.352812663493861 0.769781963302386 0.666793005607833 0.309717161420965 0.26682997848023 0.448280286649775
0.432226256361814 0.73296286423264 0.645631711728944 0.395461453484893 0.26682997848023 0.504606901169507
0.387035669657511 0.381562746385516 0.509369570614745 0.855600923565687 0.2018490865821 0.394896319711459
0.365780808417931 0.74420696669191 0.745210740360971 0.343308950044322 0.521772319619546 0.454178730974994
0.112799778608734 0.643953052519738 0.210835430203378 0.515986238685508 0.26682997848023 0.222055680696465
0.465223267815624 0.645104653921303 0.666793005607833 0.476952886006328 0.2018490865821 0.51118102304483
0.385042252335565 0.458316206529462 0.480205055308801 0.695972308351752 0.566662026729089 0.410926196357514
0.293992697070583 0.539015920355705 0.687490164891282 0.416201739281106 0.26682997848023 0.355883585692967
0.492345747246586 0.347212625845468 0.470384769325438 0.985063327941343 0.437997379492792 0.460378607198278
0.473054553147575 0.0462823993468008 0.820565817212723 0.820922335641125 0.319923233037446 0.319923233037859
0.649660786200866 0.165547756155054 0.962221149841452 0.84159138280589 0.319923233037446 0.491464097995522
0.432226256361814 0.588630194726112 0.828759808425298 0.434655058927633 0.4036981731642 0.472124271444961
0.232540410472432 0.725928729019782 0.336898814461095 0.444509488601695 0.118074146455346 0.344073881559099
0.0788392955621252 0.607099390860929 0.379678054001531 0.393855565472015 0.496434025733074 0.179647590985646
0.126251273483817 0.587496389538319 0.372786325136642 0.434655058927633 0 0.224475040549998
0.126251273483817 0.282644336129408 0.546636190192086 0.40139014412284 0.2018490865821 0.167914819561919
0.512888453990814 0.571425608018919 0.674779744201378 0.596618597926966 0.7981509134179 0.530395650790139
0.266488698901142 0.417870916906708 0.262691810642772 0.855600923565687 0.2018490865821 0.315233320012137
0.376242238046829 0.377739080362911 0.727196240713884 0.638894562835833 0.757920612530239 0.382300996089
0.277886645446334 0.461787807265326 0.149812731724314 0.850320834781373 0.2018490865821 0.334119365081243
0.570639942875519 0.559002654336361 0.828759808425298 0.66500092870874 0.496434025733074 0.569723978170539
0.683025514610794 0.769042690977362 0.707851619059187 0.536947333102861 0.118074146455346 0.701856585280135
0.187402272717626 0.646509762727424 0.566408660159801 0.258318103916715 0.118074146455346 0.286148320638475
0.156500988989169 0.669252616764798 0.505828573317565 0.312752461584589 0.807396346328399 0.263846597207418
0.4132542940896 0.667766723351403 0.761365916715164 0.372840437005956 0.2018490865821 0.474856645150245
0.207387041014132 0.625679123524625 0.612686226484739 0.464666057645984 0.36481294014699 0.304213797450937
0.492345747246586 0.49996311270435 0.639027317496929 0.666508127613929 0.545081290476803 0.498386848073037
0.454552968116053 0.670682510771751 0.795772987540766 0.422217015448784 0.2018490865821 0.507893814622627
0.358228558211249 0.664412128126823 0.629984742228822 0.447626025553857 0.545081290476803 0.433908364240439
0.129363736288321 0.664038425340016 0.518993939847745 0.348266462308657 0.2018490865821 0.238353551269753
0.596082579006089 0.578822029065326 0.80324434050924 0.66746656211465 0.319923233037446 0.593106324017095
0.172327523515674 0.597645221923549 0.313191044710704 0.483063310327227 0.26682997848023 0.268985166220627
0.484856729079311 0.60062839693308 0.406662276429587 0.881155441867276 0.566662026729089 0.52350461943123
0.321802204136279 0.494337689680483 0.273624882558049 0.876317303289355 0.26682997848023 0.375813145075826
0.473054553147575 0.285952736045185 0.828759808425298 0.70804489709429 0.26682997848023 0.422863764890001
0.33563442461137 0.642799679424058 0.593384649674797 0.513291741504149 0.319923233037446 0.413125019681918
0.434808101744329 0.650328456154346 0.745210740360971 0.390124079658511 0.26682997848023 0.487512559272178
0.390352642423204 0.662916151687344 0.683615300073087 0.423796467864932 0.36481294014699 0.457717812225271
0.398286038948237 0.343362661660971 0.612686226484739 0.76367021128446 0.319923233037446 0.390517412881928
0.254434749655842 0.515004206294225 0.0545004193004676 0.93313811512872 0.46867906506233 0.328736214186059
0.135570949469596 0.622129816710995 0.347420552803166 0.513291741504149 0.36481294014699 0.240389962044289
0.619984070830333 0.891701912377917 0.779065679441619 0.247850024709054 0.46867906506233 0.676652563033107
0.642859950164724 0.380289608266702 0.877206253305053 0.809624421612103 0.496434025733074 0.568889727149431
0.446888480284718 0.485145885032895 0.841798250131673 0.566390166750045 0.26682997848023 0.45987001700206
0.553000621896261 0.559973383316359 0.82974712144944 0.585128694177427 0.26682997848023 0.555661714186418
0.368200930255578 0.314809667470641 0.612686226484739 0.76367021128446 0.319923233037446 0.361262907432524
0.344655047031349 0.679201589578571 0.609635345167719 0.32333373080385 0.46867906506233 0.423275849745354
0.207387041014132 0.371252333646832 0.537149042119501 0.535617049943931 0.319923233037446 0.253773562356836
0.272197600718689 0.654253847560982 0.453243647798645 0.583297681218037 0.26682997848023 0.366257575075733
0.266488698901142 0.692488490464601 0.410389822121405 0.470974098942765 0.943124787400002 0.366857683028479
0.231810395414479 0.455149999876917 0.518993939847745 0.712450217753394 0.36481294014699 0.294365468659976
0.0788392955621252 0.616576510867286 0.376235266235399 0.408254485406619 0.496434025733074 0.181275122719253
0.25126302793699 0.413427789731281 0.239528730208039 0.86538111794281 0.118074146455346 0.302610589639131
0.311611525000319 0.359034422696492 0.13815298609265 0.919374922706366 0.36481294014699 0.335437992845445
0.624945861161851 0.208691080976583 0.952057139772041 0.827238043410554 0.319923233037446 0.494788080349378
0.181389035392292 0.561841679646578 0.618165686951367 0.375473393130161 0.319923233037446 0.268180372573184
0.319935200522843 0.709962248999896 0.522191425303542 0.382571869465679 0.118074146455346 0.41175475800749
0.322424065385846 0.504651217193564 0.674779744201378 0.526275941283384 0.26682997848023 0.372332607601704
0.260759800889295 0.347212625845468 0.674779744201378 0.570306783572358 0.26682997848023 0.289332692928471
0.175353608949074 0.478505344977363 0.518993939847745 0.573491473346577 0.319923233037446 0.250785066242593
0.317165345990943 0.467756563369072 0.153683710015505 0.849459738322681 0.4036981731642 0.365557522190939
0.217141250358486 0.633898146962373 0.399185513873404 0.56159096074757 0.319923233037446 0.315949118144729
0.327390462046405 0.592466771303422 0.449598047342647 0.677429742936576 0.36481294014699 0.399026979681788
0.432226256361814 0.485145885032895 0.761365916715164 0.486110343741825 0.437997379492792 0.44752010902358
0.571114717540742 0.292544092115907 0.884369444982684 0.734965976349589 0.437997379492792 0.490344480181868
0.217141250358486 0.37313382706142 0.327379947102377 0.815784774790482 0.2018490865821 0.266125923801844
0.22595851543256 0.367651892344859 0.525383621285545 0.535617049943931 0.36481294014699 0.267326000824994
0.624945861161851 0.688701259507685 0.836919152637107 0.53539523530944 0.521772319619546 0.639522121486591
0.507961948127044 0.386218809348972 0.492248315307211 1 0.46867906506233 0.483276123811704
0.242581485738287 0.574503607833384 0.498727025542869 0.531175274291051 0.496434025733074 0.324893955147913
0.410638172754179 0.409959516491958 0.724321266953457 0.817164662451171 0.2018490865821 0.418821951337364
0.217141250358486 0.653116370687748 0.430596101317129 0.458025179688532 0.319923233037446 0.317570100632854
0.306038781244045 0.609780396050414 0.528570545265169 0.486110343741825 0.36481294014699 0.382181608453405
0.26934564060604 0.661792129037126 0.709509065612496 0.327848568499301 0.2018490865821 0.359752430043837
0.444582112743638 0.542933320112626 0.593384649674797 0.686929197249675 0.4036981731642 0.4756598319332
0.347378775737721 0.730711579165525 0.228400198609038 0.496013659024116 0.26682997848023 0.440708441311371
0.437128283139277 0.556154409922985 0.615732291886076 0.580707394913823 0.757920612530239 0.471254110284455
0.487356880453005 0.671845483368116 0.657879908786519 0.52225691576997 0.26682997848023 0.535122205285116
0.531961281775856 0.73721773982243 0.693287911959899 0.47189527575898 0.26682997848023 0.58246450687754
0.505493119416493 0.676758112493663 0.676044446062781 0.481079819410023 0.118074146455346 0.548620947170456
0.539722144309419 0.691171352402433 0.648925451739055 0.585166003286478 0.778729939917601 0.579891217960589
0.593743335600775 0.10616534669214 0.947669003643294 0.820922335641125 0.319923233037446 0.427549135873602
0.303245272947218 0.623314714280751 0.439620351736068 0.550046867143616 0.954326425186408 0.384209291206449
0.47053242664905 0.55043020400976 0.369331208670054 0.63178107706748 0.46867906506233 0.495254879730745
0.26934564060604 0.585327567388246 0.498727025542869 0.531175274291051 0.36481294014699 0.348782532182811
0.311611525000319 0.574503607833384 0.430596101317129 0.557654281841601 0.437997379492792 0.38041987402086
0.642859950164724 0.681514983892088 0.811512056803038 0.586458260776584 0.437997379492792 0.651745976246676
0.293992697070583 0.822022276395256 0.486073327538508 0.235203042318997 0.545081290476803 0.408517765796334
0.385042252335565 0.367480164281189 0.666793005607833 0.798251271197356 0.46867906506233 0.388617850362595
0.28553560113342 0.588080663603286 0.433608876372614 0.600608930994237 0.807396346328399 0.363664009120064
